12.806
13.456
11.946
12.484
6.244
14.296
35.945
2.602
6.945
12.955
18.145
11.562
13.338
12.314
11.524
14.344
29.647
2.477
7.004
5.503
12.576
5.527
12.416
12.497
13.182
11.647
31.791
11.536
18.673
6.42
5.544
12.81
12.025
6.434
13.265
12.241
12.087
12.172
11.947
12.772
5.448
12.838
11.173
13.445
5.313
32.27
4.747
12.466
12.303
12.494
13.207
12.67
10.83
13.096
5.318
13.328
5.511
12.806
6.408
30.926
13.295
12.132
12.223
12.358
12.596
12.092
13.402
12.835
10.85
30.396
27.502
9.442
12.977
11.815
12.727
12.058
11.95
5.47
6.417
6.552
12.44
12.858
11.392
6.534
12.368
6.198
13.233
12.674
4.436
12.614
12.921
11.743
13.477
4.518
12.859
13.662
13.28
10.767
13.727
4.426
32.893
6.409
6.762
12.408
12.514
5.544
13.177
11.719
12.885
11.616
13.581
4.417
13.51
17.412
13.38
12.696
12.7
6.751
10.501
12.501
13.071
11.413
13.097
12.407
12.073
12.519
12.194
13.016
24.198
52.561
2.365
3.172
2.452
2.19
6.074
13.438
11.472
13.216
12.263
12.233
12.388
12.526
12.211
12.625
12.04
4.898
12.714
13.203
12.295
11.509
13.259
13.076
11.13
12.621
62.074
2.464
2.718
2.42
12.551
5.698
13.162
11.968
11.546
13.305
13.016
10.427
14.327
11.352
11.798
6.386
12.309
11.949
5.362
12.812
11.943
13.442
11.514
14.054
12.323
10.982
12.264
5.456
13.338
12.529
11.583
12.781
6.631
6.827
6.338
6.762
7.054
12.025
61.864
2.878
2.613
12.304
13.145
14.517
9.555
14.025
10.848
11.777
13.057
5.337
13.081
11.505
12.616
12.659
5.675
6.342
13.2
12.117
11.825
12.813
5.385
12.519
12.375
13.064
11.414
5.71
12.418
12.672
12.696
5.437
13.37
5.24
13.5
11.835
12.374
5.177
9.388
10.213
6.009
12.717
9.056
15.883
12.845
5.713
13.666
8.56
12.21
6.365
6.485
13.062
11.366
13.301
12.275
11.859
12.189
11.848
13.469
12.515
12.515
44.887
3.623
2.77
2.972
6.12
18.549
12.677
5.587
12.794
11.727
13.311
11.582
12.56
13.152
12.119
11.702
12.601
13.589
4.502
12.397
12.602
13.178
11.902
13.68
10.935
12.793
4.467
6.17
12.596
13.677
11.691
5.457
12.45
12.779
5.821
12.677
5.551
12.464
13.47
12.508
11.511
19.073
6.347
13.518
12.323
20.387
6.22
6.265
12.621
12.668
13.118
11.379
12.452
12.473
12.666
5.291
12.879
5.651
13.825
52.032
14.447
5.265
13.23
13.24
10.538
12.751
6.542
14.097
4.869
18.811
12.752
11.688
12.01
33.295
3.363
12.351
13.385
11.588
13.191
11.564
13.247
11.778
13.109
12.107
12.137
12.322
11.642
12.872
13.209
17.079
7.731
6.39
6.231
12.445
8.581
4.756
6.051
12.292
13.554
12.508
11.382
12.778
29.154
2.741
6.426
12.637
13.189
5.423
12.291
12.594
12.821
33.163
5.724
10.393
12.511
13.886
11.653
12.596
12.654
13.136
5.479
13.168
12.001
11.687
6.093
12.636
13.002
11.625
13.599
4.463
12.517
12.597
12.608
5.591
12.645
13.237
12.105
11.907
12.668
5.899
12.587
13.174
11.675
5.497
12.838
12.036
13.033
12.343
16.966
9.249
11.248
24.856
2.607
13.042
12.121
13.078
6.55
13.217
4.784
17.067
32.755
6.778
11.352
12.874
13.21
12.117
12.126
12.926
4.566
12.638
6.439
12.551
5.715
12.937
11.408
75.693
12.933
12.606
12.083
11.675
11.424
38.481
11.814
13.238
13.087
7.077
7.646
34.374
18.304
12.001
6.985
6.207
14.594
9.444
12.849
11.885
5.837
13.434
11.429
12.814
11.836
6.56
12.478
13.268
11.638
12.422
13.396
11.603
12.451
6.536
13.201
11.364
12.447
13.015
11.643
14.46
10.785
74.443
34.829
9.557
13.126
12.404
12.047
5.645
12.772
11.6
13.021
11.528
5.569
13.453
12.204
12.1
5.374
12.611
12.739
5.663
13.13
5.073
12.713
12.647
13.762
4.407
12.573
13.721
54.644
2.344
2.112
12.611
6.468
12.543
12.487
33.132
11.529
12.677
5.947
13.67
11.466
12.984
12.485
11.568
12.695
12.74
11.409
13.335
12.358
12.112
12.36
12.073
12.156
5.623
12.498
12.593
13.025
12.177
11.379
6.599
13.6
4.68
12.525
12.768
12.897
11.549
6.363
14.001
4.367
12.495
6.575
13.637
30.646
12.75
13.218
4.62
6.46
12.94
12.771
5.076
13.015
12.264
6.156
13.932
11.109
12.223
11.541
5.659
12.432
13.054
5.337
18.813
5.291
6.285
13.473
12.336
12.248
11.737
11.907
12.837
11.039
12.46
12.509
12.46
12.882
11.524
13.076
11.844
11.797
13.875
11.48
12.475
6.412
13.663
4.84
13.017
18.847
12.749
5.773
13.204
12.62
11.887
12.109
5.871
12.459
13.82
12.809
4.696
13.372
5.408
15.196
11.438
17.262
32.791
24.652
12.484
12.754
14.301
13.025
3.432
12.998
12.149
12.831
12.199
11.775
13.018
11.683
14.007
10.657
13.366
12.571
11.75
12.507
11.713
5.353
13.44
11.821
13.109
11.994
11.772
12.177
12.914
5.581
13.419
12.945
11.71
14.593
9.837
6.689
6.916
6.407
6.025
15.017
24.26
13.527
29.111
2.68
6.246
6.442
13.168
11.502
12.81
14.292
11.324
11.816
11.956
11.759
13.074
12.193
12.984
4.434
12.031
12.504
12.762
5.402
12.307
13.052
11.813
13.54
11.383
11.383
12.547
12.915
11.756
5.434
12.977
12.1
11.438
13.905
10.529
12.397
12.765
11.788
14.025
12.181
4.587
7.196
19.122
5.668
7.705
10.89
5.842
22.574
2.333
6.447
13.01
11.564
6.964
11.517
13.258
12.156
11.728
7.563
11.379
12.604
18.823
5.175
12.642
12.86
5.595
13.718
11.859
13.758
3.334
13.299
11.764
12.859
12.018
12.112
11.669
12.984
11.647
12.561
5.295
13.365
11.422
12.672
12.664
11.627
30.411
13.804
12.929
11.53
13.091
11.433
12.464
12.821
12.049
14.859
9.692
33.201
3.355
13.201
12.395
12.331
12.691
11.674
13.823
11.765
11.253
14.063
37.059
2.612
2.947
6.482
12.605
12.494
12.563
12.627
12.605
5.513
12.463
13.14
12.272
11.989
11.915
5.636
12.583
13.068
5.619
7.665
4.29
19.464
13.606
11.908
11.594
5.789
13.376
13.077
7.083
40.667
2.241
7.516
11.199
13.092
11.673
13.568
12.109
12.222
12.53
11.784
11.536
20.996
15.823
14.305
13.908
22.849
2.536
2.719
12.483
13.887
11.006
5.997
11.682
12.855
11.798
5.885
13.432
11.35
13.238
11.848
12.744
11.408
12.709
13.389
11.846
11.955
11.836
5.87
13.263
13.255
10.614
12.749
12.749
11.866
5.404
12.415
12.425
12.509
13.539
11.431
13.323
11.455
12.873
5.505
12.508
12.554
13.251
12.173
12.213
12.412
12.31
5.913
12.117
12.103
13.083
4.612
13.189
12.222
5.828
13.622
13.427
4.509
19.795
11.054
11.824
13.423
14.325
10.651
5.695
6.436
33.978
12.487
12.534
12.872
5.464
6.371
12.774
12.623
12.186
12.218
11.469
12.92
12.273
12.57
5.374
14.289
22.094
2.282
12.992
6.376
6.149
6.252
6.563
6.066
6.245
12.551
6.511
6.298
12.548
13.448
12.033
11.757
12.617
13.91
10.338
6.344
6.316
6.121
13.382
11.749
5.71
12.993
12.063
12.982
12.27
5.729
7.019
27.357
2.458
2.271
6.503
6.49
12.453
6.362
6.319
6.518
7.381
5.682
6.59
12.54
13.407
11.481
12.741
12.421
11.491
12.478
33.151
11.47
11.702
12.665
13.055
11.679
13.364
4.621
12.87
6.649
11.478
13.333
11.769
13.523
13.204
11.902
6.331
7.989
6.015
6.069
6.106
6.35
9.858
9.652
12.541
5.567
16.346
7.345
5.245
6.326
12.408
12.905
11.635
12.461
13.454
15.133
9.881
13.391
12.51
13.767
28.723
7.393
6.642
12.523
13.171
11.643
5.453
6.144
12.391
13.278
12.176
12.306
12.699
10.749
13.61
4.867
5.986
7.204
14.18
16.009
5.628
6.159
14.338
11.014
12.085
11.828
32.895
10.137
12.228
12.228
12.898
4.43
13.067
12.352
11.616
12.91
11.363
13.227
12.172
11.406
12.408
13.013
11.574
11.989
13.06
12.376
11.901
11.46
12.97
8.766
9.681
14.226
7.564
17.098
5.401
6.732
13.312
14.833
18.979
6.45
6.713
7.142
5.325
6.301
12.833
12.02
11.791
13.172
12.011
5.805
12.948
5.42
33.126
10.379
12.353
12.802
13.853
10.988
18.785
6.544
12.576
6.557
13.046
12.048
11.958
12.473
12.766
12.222
28.139
13.519
12.627
12.685
12.361
11.783
12.647
11.657
12.973
11.898
11.448
12.76
12.865
11.48
13.124
11.638
12.796
11.338
13.436
11.936
12.088
11.617
6.084
13.574
12.265
12.477
12.469
4.851
13.259
11.496
12.84
12.792
14.067
11.703
11.901
11.686
12.628
7.077
5.504
12.972
11.642
13.422
12.242
12.681
17.778
12.701
5.679
12.496
12.944
11.395
12.426
13.31
32.013
31.238
10.786
14.115
11.96
10.667
30.58
12.736
11.604
12.663
12.681
5.523
12.958
5.919
12.604
13.402
5.017
12.56
13.223
11.749
12.81
6.368
12.14
5.58
13.042
11.971
5.422
6.568
14.042
10.855
13.991
11.462
18.175
12.022
11.975
13.191
12.69
5.176
5.968
13.28
12.014
13.343
13.216
12.002
68.261
2.404
2.271
3.604
2.328
2.58
22.781
13.103
12.103
12.622
11.498
12.768
6.351
23.391
16.144
12.632
13.359
12.284
32.714
2.976
2.462
6.271
13.262
11.547
18.944
12.617
12.005
12.73
11.81
6.817
11.932
12.442
13.023
10.556
12.971
11.414
13.265
11.696
12.556
5.576
12.879
12.887
5.38
12.642
12.828
5.515
12.742
12.265
5.426
15.644
2.95
20.637
35.497
3.163
2.422
13.232
6.088
7.297
4.654
6.297
12.498
6.629
12.605
6.656
6.766
13.57
6.452
12.748
8.035
16.684
12.491
4.571
6.466
6.452
6.474
6.426
6.309
6.186
13.296
12.482
12.168
11.592
12.927
12.519
12.045
11.597
12.822
11.399
12.683
5.85
32.959
11.368
11.696
12.803
11.652
13.644
32.005
12.002
12.632
12.075
22.659
25.936
6.87
6.112
6.547
7.86
21.783
2.63
6.403
17.604
2.569
6.493
6.467
6.457
6.182
12.445
12.642
6.757
13.639
11.3
12.066
11.923
11.807
16.288
37.755
2.61
2.43
7.335
6.735
12.892
5.373
6.281
12.732
12.134
12.615
12.35
12.576
5.255
16.887
6.069
6.425
6.608
6.39
6.358
6.371
12.95
5.727
13.126
11.272
12.293
5.743
12.638
12.947
11.584
13.459
11.623
11.709
12.532
13.143
12.332
12.246
11.455
13.06
12.176
12.119
11.678
12.892
11.81
11.661
5.976
12.968
5.357
7.029
12.492
5.512
6.252
6.563
14.759
10.827
12.173
11.84
17.842
12.695
12.529
6.552
13.205
11.842
11.422
6.287
13.387
11.515
13.286
11.753
12.657
12.903
11.821
12.872
11.997
5.761
12.793
5.498
14.757
10.54
12.835
5.359
12.572
13.602
11.939
5.685
12.981
12.848
12.656
11.752
5.615
12.616
5.686
13.566
11.208
6.433
6.207
6.853
13.231
12.655
12.184
12.473
12.244
12.439
11.945
13.355
66.507
5.613
6.782
7.447
11.947
6.096
14.297
10.914
11.334
13.193
12.082
11.888
12.59
5.672
13.003
12.297
11.779
12.932
5.433
12.579
5.709
12.63
13.359
12.044
12.222
12.225
11.385
13.541
12.189
11.698
12.537
11.851
5.375
6.408
12.31
6.416
13.237
11.645
5.707
6.223
13.008
12.425
13.171
4.507
14.801
11.816
15.042
4.199
6.525
11.358
12.713
13.124
11.667
11.609
19.516
12.354
11.922
12.856
11.462
13.202
11.367
12.413
13.439
11.913
11.393
13.52
11.939
12.202
5.368
12.421
12.708
5.593
12.651
12.53
13.209
13.406
4.255
12.588
13.011
12.154
13.638
10.66
5.538
12.726
14.065
3.747
13.21
12.143
11.399
14.075
11.141
12.409
19.6
12.448
13.471
12.663
4.836
13.089
13.514
11.597
11.905
18.098
5.578
14.262
11.085
11.983
12.579
11.601
6.048
13.02
12.819
16.555
33.532
2.496
6.97
6.052
5.421
12.773
12.026
11.557
12.532
13.044
12.267
11.778
13.696
11.506
11.661
5.466
12.923
6.114
11.698
12.82
6.704
12.035
12.401
11.957
11.337
12.427
13.742
5.041
12.993
11.867
5.529
13.474
11.661
29.122
2.149
2.626
6.233
6.328
33.345
3.958
7.779
12.116
12.54
12.577
10.462
12.639
11.913
12.75
5.689
6.302
12.702
16.362
14.749
30.981
4.682
12.551
13.964
10.515
13.202
5.452
12.188
12.708
5.734
19.098
8.641
3.551
14.361
29.325
2.349
14.392
32.208
11.161
12.098
12.838
29.665
4.52
13.097
11.339
12.935
11.625
12.947
11.666
12.531
12.157
11.917
12.273
14.743
15.648
12.322
13.088
10.695
12.774
7.065
11.507
5.667
15.227
9.597
24.863
6.95
6.267
19.139
12.929
4.932
15.895
17.484
12.419
11.71
12.837
12.965
4.361
13.359
11.66
12.75
12.301
11.607
12.551
5.374
13.123
11.847
11.564
13.106
11.562
13.271
12.365
15.508
14.595
12.973
5.683
12.808
5.358
25.804
6.201
13.629
11.966
11.951
4.955
13.107
12.309
12.691
12.504
10.616
14.498
10.695
11.575
12.995
12.497
11.486
5.706
29.286
6.45
13.076
13.448
11.56
24.167
16.762
12.561
11.704
11.67
12.678
12.588
13.278
11.937
11.18
11.38
15.48
15.39
7.653
11.738
12.977
11.989
12.024
43.296
6.149
24.824
12.562
12.045
6.429
12.602
5.424
12.58
12.457
12.854
12.612
12.355
11.849
12.796
10.952
6.635
12.744
12.603
11.568
13.219
11.88
11.803
5.593
12.904
5.949
6.038
12.474
13.162
12.1
5.679
13.767
11.249
15.962
15.565
6.445
13.981
29.404
4.406
12.434
13.017
11.804
5.347
12.332
13.259
12.287
12.51
12.323
12.039
12.756
4.366
13.665
4.574
13.576
7.234
20.849
16.055
9.435
6.849
18.686
8.075
10.524
13.023
12.657
5.069
12.953
13.478
10.782
5.758
12.492
12.704
13.37
12.399
13.778
10.779
11.777
11.78
12.839
11.568
12.697
12.298
13.002
12.02
11.815
5.407
12.986
11.483
12.83
13.109
5.727
14.143
11.504
52.151
24.819
5.603
13.019
11.434
12.351
12.825
12.586
12.187
12.649
12.408
11.764
11.742
13.098
12.132
11.473
6.423
29.03
6.679
5.781
6.414
15.134
16.702
4.823
18.56
13.148
17.769
12.399
15.849
12.65
5.758
13.011
11.652
13.144
12.012
12.307
12.943
4.374
12.606
5.419
6.354
12.271
13.343
11.97
12.418
12.419
11.476
12.794
13.126
12.509
11.504
12.592
12.55
7.397
12.184
12.36
12.109
11.579
13.211
12.759
12.685
10.75
13.569
13.861
22.789
13.669
13.215
11.169
13.264
4.481
13.042
12.023
5.455
12.408
12.586
12.52
13.119
11.785
11.852
12.723
5.355
13.108
12.05
11.782
12.465
11.852
5.476
13.967
11.886
11.626
6.792
24.432
14.999
7.095
10.084
5.562
26.219
11.736
12.535
5.296
13.873
11.005
12.455
5.577
6.386
12.515
12.955
5.579
12.586
5.534
6.259
6.432
13.228
12.121
12.132
11.808
6.492
13.513
11.787
13.41
11.7
5.676
12.79
12.564
12.587
12.83
5.805
12.766
14.943
27.121
3.392
13.714
11.35
12.503
7.666
8.837
33.635
71.99
2.692
2.311
6.295
6.181
12.769
12.743
11.564
12.927
4.813
5.94
12.552
12.864
12.73
5.421
12.49
12.874
11.39
12.723
11.716
15.556
9.653
13.228
12.846
11.262
12.635
11.518
6.61
6.926
5.468
12.696
12.618
13.108
11.56
12.752
6.02
5.456
12.505
14.44
10.635
12.671
13.097
11.451
14.181
14.256
12.558
13.021
6.903
11.495
12.782
12.646
12.169
12.777
4.518
12.973
12.076
12.443
11.61
14.484
13.401
9.664
12.335
19.451
5.565
12.939
12.548
12.367
4.754
12.035
7.63
